Yr	lPower		lSpan		lLength		lWeight		lSpeed		lRange
14	4.406719	2.549445	2.028148	6.975414	4.65396		5.991465
14	4.406719	2.397895	2.197225	6.721426	4.976734	5.996452
14	5.409859	2.884801	2.336987	7.696213	4.905275	6.214608
15	5.099866	2.674149	2.282382	7.573531	4.927254	6.214608
15	4.779123	2.557227	2.066863	7.081709	4.941642	5.991465
15	4.310799	2.014903	1.84055		6.481577	5.17615		5.857933
15	4.310799	2.409644	2.113843	6.835185	4.727388	5.996452
16	5.633002	2.66026		2.24071		7.362011	5.438079	6.55108
16	4.406719	2.054124	1.902108	6.516193	5.164786	6.263398
16	4.204693	2.397895	2.116256	6.824374	4.663439	5.703782
16	4.718499	2.459589	2.079442	7.21008		4.941642	6.327937
16	5.003946	2.549445	2.163323	7.34601		5.135798	6.309918
16	4.779123	2.140066	2.00148		6.788972	5.164786	5.521461
16	4.779123	2.587764	2.261763	7.150701	5.056246	6.109248
16	5.474369	2.701361	2.186051	7.337588	5.209486	6.55108
16	5.32301		2.484907	2.066863	7.163947	5.303305	6.39693
16	4.406719	2.24071		1.824549	6.415097	5.342334	5.164786
16	4.779123	2.769459	2.327278	7.20786		4.976734	6.109248
16	5.267858	2.817801	2.376764	7.438384	4.787492	6.109248
17	5.817111	3.100092	2.388763	8.105308	4.905275	6.109248
17	6.325971	3.152736	2.533697	8.501064	5.023881	6.39693
17	5.659482	2.66026		2.24071		7.319865	5.170484	6.684612
17	5.961005	3.166319	2.473171	8.19561		4.941642	6.214608
17	5.099866	2.476538	2.282382	6.802395	5.247024	6.39693
17	5.267858	2.667228	2.219203	7.41758		5.164786	6.39693
17	5.267858	2.667228	2.186051	7.402452	5.164786	6.39693
17	5.227358	2.272126	2.079442	6.985642	5.32301		6.39693
17	4.779123	2.079442	1.871802	6.437752	5.278115	5.991465
17	4.779123	2.24071		1.938742	6.837333	5.105945	5.521461
17	4.493121	2.677591	2.285439	7.228388	4.983607	5.991465
17	4.841822	2.208274	1.987874	6.786717	5.164786	5.857933
17	5.003946	2.093098	1.853168	6.804615	5.402677	6.304449
17	4.779123	2.251292	2.140066	6.975414	5.068904	6.109248
17	6.285253	3.031582	2.585506	8.642944	5.111988	7.478735
18	5.996452	3.126761	2.60269		8.198639	5.062595	6.684612
18	5.697093	3.648057	3.037354	9.466919	4.983607	7.768533
18	5.697093	2.639057	2.219203	7.65302		5.220356	6.829794
18	5.837147	3.277145	2.662355	8.470102	4.787492	5.991465
18	6.284134	3.417071	2.952825	8.709465	5.056246	7.094235
18	5.409859	2.272126	1.871802	7.083388	5.420535	6.363028
18	6.256901	2.74084		2.272126	7.549609	5.32301		6.39693
18	5.227358	2.208274	2.091864	6.956545	5.438079	6.39693
19	5.474369	2.651127	2.270062	7.675546	5.081404	6.527958
19	5.659482	2.312535	2.04122		7.229114	5.525453	5.996452
20	5.815026	2.694627	2.379546	7.957877	5.141664	6.33328
20	5.815026	2.748552	2.475698	8.125631	5.327876	6.467699
20	5.815026	2.642622	2.395164	7.736307	5.141664	6.785588
20	5.815026	2.642622	2.423031	7.736307	5.141664	6.785588
21	5.815026	2.694627	2.251292	7.760893	5.459586	6.684612
21	5.815026	2.723924	2.435366	8.104099	5.081404	6.086775
21	5.879695	2.639057	2.397895	7.874739	4.976734	6.322565
22	5.746203	2.504709	1.987874	7.195187	5.501258	6.620073
22	6.662622	3.303217	2.901422	9.21034		5.209486	8.188689
22	5.697093	2.179287	1.947338	7.2086		5.365976	6.214608
22	6.508173	3.129389	2.894806	8.740337	5.192957	6.690842
22	5.409411	2.04122		1.916923	6.785588	5.393628	5.799093
23	5.815026	2.251292	1.916923	7.333676	5.46806		6.39693
23	5.968708	2.282382	1.960095	7.271009	5.537334	6.44254
23	5.968708	2.768204	2.442347	8.248006	5.129899	7.402452
23	6.077642	2.768204	2.442347	8.248006	5.129899	7.402452
23	5.968708	2.768204	2.442347	8.248006	5.129899	7.402452
23	6.077642	2.768204	2.442347	8.248006	5.129899	7.402452
23	5.144		2.571084	2.226783	7.552237	5.030438	6.403574
23	5.857933	2.721953	2.280339	7.880804	5.209486	6.952729
23	5.697093	2.190536	1.819699	7.048386	5.56452		6.467699
24	5.409859	2.261763	1.856298	7.143618	5.501258	6.214608
24	5.697093	2.379546	1.99061		7.362011	5.459586	6.39693
24	6.452049	2.618855	2.373975	7.776115	5.298317	6.952729
24	5.409411	2.186051	1.931521	6.756932	5.505332	6.309918
24	6.762036	3.285412	2.942859	8.98507		5.159055	7.36834
25	6.633318	3.218876	2.714695	8.732305	5.192957	6.476972
25	6.221584	2.261763	1.954445	7.302496	5.765191	6.821107
25	4.147885	2.179287	1.969906	6.340359	4.983607	6.244167
25	5.879695	2.449279	2.251292	7.532088	5.525453	6.690842
25	6.6995		2.850707	2.356126	8.377931	5.438079	6.620073
25	5.815026	2.525729	2.125848	7.567863	5.669881	7.012115
25	5.697093	2.493205	2.163323	7.508239	5.438079	6.648985
26	5.697093	2.492379	2.175887	7.720018	5.451038	7.027315
26	5.815026	2.282382	1.902108	7.304516	5.521461	6.214608
26	5.697093	2.727853	2.242835	7.705262	5.541264	6.745236
26	5.758902	2.206074	1.790091	7.126087	5.451038	6.259581
26	5.442418	2.876386	2.329227	7.901007	5.164786	6.745236
26	5.815026	2.727853	2.324347	7.731931	5.438079	6.802395
26	6.068426	2.718001	2.397895	8.20303		5.192957	6.55108
26	6.822197	3.310543	2.985682	9.007612	4.976734	6.504288
26	6.613653	3.091042	2.683074	8.612503	5.220356	6.55108
26	6.051618	2.617396	2.415914	8.17976		5.278115	7.441907
27	5.920505	2.332144	1.880991	7.254178	5.697093	6.39693
27	6.661855	3.125005	2.700018	8.678461	5.209486	7.233455
27	6.43935		3.102342	2.625393	8.605204	5.288267	6.907755
27	6.298949	2.847812	2.533697	8.368693	5.273		6.804615
27	5.815026	2.397895	1.94591		7.31322		5.703782	6.39693
27	5.920505	2.484907	2.014903	7.49276		5.598422	6.214608
27	5.921578	2.251292	1.974081	7.395108	5.693732	6.109248
27	5.969219	2.649715	2.293544	7.803435	5.4161		6.361302
28	6.761573	3.015535	2.694627	8.839277	5.356586	7.025538
28	6.795706	3.015535	2.70805		8.839277	5.273		7.17012
28	5.187386	2.674149	2.282382	7.549609	5.283204	6.49224
28	4.310799	2.179287	1.969906	6.340359	4.983607	6.244167
28	5.969219	2.429218	2.190536	7.650645	5.690359	6.628041
28	5.920237	2.727853	2.302585	7.904704	5.459586	7.090077
28	5.746203	2.501436	2.021548	7.226936	5.46806		6.214608
28	6.228511	2.74084		2.357073	8.085487	5.429346	7.003065
28	4.310799	2.433613	2.091864	6.923629	5.135798	6.063785
28	5.758902	2.312535	2.028148	7.323171	5.525453	6.304449
28	6.016157	2.208274	1.808289	7.401231	5.713733	6.388561
28	5.814131	2.517696	2.104134	7.56372		5.438079	6.684612
29	4.204693	2.208274	1.960095	6.565265	5.164786	6.304449
29	4.574711	2.501436	2.014903	6.932448	5.342334	6.956545
29	4.493121	2.415914	2.030776	6.835185	5.17615		6.180017
29	6.016157	2.504709	2.033398	7.36518		5.598422	6.620073
29	6.102559	2.140066	1.974081	7.200425	5.929589	6.363028
29	5.099866	2.60269		2.322388	7.922261	5.327876	6.952729
29	4.493121	2.140066	2.00148		6.58755		4.976734	6.361302
29	5.187386	2.341806	2.091864	7.01661		5.278115	6.214608
29	6.971669	3.144152	2.712042	8.774931	5.438079	6.684612
29	6.921658	3.356897	2.890372	8.826147	5.332719	6.907755
30	6.709304	3.11795		2.753661	8.731175	5.717028	7.095893
30	5.968708	2.634762	2.415021	7.891331	5.451038	6.872128
30	7.411194	3.679334	3.309082	9.501591	5.31812		6.690842
30	6.102559	2.80336		2.457878	8.281471	5.135798	6.476972
30	6.583409	2.980619	2.727853	8.584852	5.63479		7.600902
30	5.880533	2.304583	1.913977	7.211557	5.627621	6.586172
30	5.889985	2.332144	1.96851		7.211557	5.758902	6.327937
31	4.493121	2.282382	2.00148		6.732211	5.030438	6.244167
31	5.746203	2.05027		1.811562	7.135687	5.652489	6.380123
31	4.574711	2.190536	1.986504	6.688355	5.164786	6.180017
31	5.918894	2.415914	2.128232	7.565275	5.703782	6.109248
31	6.326149	2.353278	2.010895	7.685703	5.828946	7.13966
31	6.326149	2.442347	2.360854	7.917536	5.669881	7.090077
31	6.182911	2.639057	2.251292	7.740664	5.560682	6.956545
31	6.175243	2.372111	2.021548	7.396335	5.966147	6.55108
32	6.22059		2.985682	2.564949	8.384119	5.57973		7.478735
32	4.649187	2.241773	2.060514	6.858565	5.17615		6.809039
32	5.267858	2.669309	2.353278	7.552237	5.164786	6.60665
32	5.267858	2.669309	2.353278	7.552237	5.164786	6.60665
32	6.242223	2.492379	2.046402	7.444249	5.883322	6.745236
32	7.916589	3.583519	3.071303	9.836279	5.783825	7.090077
32	6.102559	2.351375	2.057963	7.546974	5.857933	6.745236
32	6.228511	2.944439	2.60269		8.36637		5.393628	7.31322
32	5.988961	2.429218	2.199444	7.612337	5.605802	6.739337
32	5.968708	2.429218	2.196113	7.612337	5.680173	6.403574
32	6.151668	2.694627	2.484907	8.149024	5.886104	7.244228
32	7.525909	3.37588		2.939162	9.308374	5.655992	7.17012
32	5.959716	2.618125	2.337952	7.878534	5.63479		6.55108
32	6.920869	3.310543	3.08191		9.16178		5.525453	6.937314
32	7.201469	3.062924	2.600465	8.851234	6.035481	8.11582
32	5.746203	2.282382	2.079442	7.664816	5.765191	6.690842
32	5.920505	2.357073	1.979621	7.365813	5.793014	6.856462
32	6.921658	3.732896	3.226844	9.840867	5.66296		6.866933
33	6.572283	2.174752	2.014903	7.426549	5.918894	6.684612
33	6.052089	3.218476	2.693275	8.88986		5.17615		8.993055
33	6.102559	2.251292	2.009555	7.531016	5.926926	6.620073
33	5.187386	2.351375	2.034706	6.903747	5.627621	6.131226
33	7.167038	3.113515	2.76001		8.892886	5.438079	6.907755
33	6.279272	2.397895	2.251292	7.610853	5.814131	6.180017
33	6.326149	2.397895	2.128232	7.549609	5.799093	5.966147
33	7.607381	3.558201	2.939162	9.711116	5.541264	7.649693
33	6.421622	2.676903	2.2895		8.131531	5.869297	7.069023
33	6.709304	2.197225	1.808289	7.555905	6.214608	5.991465
33	6.93537		3.095578	2.785011	8.684063	5.736572	7.130899
33	6.508769	2.368373	2.028148	7.600902	6.063785	6.55108
33	6.45047		2.24071		2.104134	7.590852	5.976351	6.39693
33	7.019297	3.192942	2.791778	8.948976	5.463832	8.160518
33	6.463029	2.734368	2.302585	7.847763	5.828946	6.907755
33	6.358708	2.636912	2.43799		8.089176	5.379897	6.873164
33	6.402912	2.704042	2.440606	8.257386	5.525453	6.913737
33	6.165418	2.844909	2.557227	8.153637	5.605802	6.967909
34	7.255591	3.00072		2.884801	9.050876	5.953243	7.31322
34	6.390241	2.978586	2.642622	8.444407	5.429346	6.881411
34	5.697093	2.683074	2.351375	7.822044	5.356586	6.838405
34	6.390241	2.4681		2.006871	7.528332	5.913503	6.620073
34	7.306531	2.890372	2.76001		9.08659		6.047372	8.006368
34	6.795706	3.165475	2.957511	9.21034		5.560682	8.584852
34	6.242223	2.629728	2.404239	8.341887	5.411646	7.413367
34	6.042633	2.617396	2.459589	8.146709	5.327876	6.684612
34	6.167516	2.429218	2.199444	7.784473	5.70711		6.539586
34	6.761573	3.091042	2.639057	8.602086	5.505332	6.776507
34	7.212294	3.126761	2.939162	9.230143	5.811141	7.003065
34	6.256709	2.370244	2.639057	8.202756	5.4161		7.614312
34	6.390241	2.818995	2.464704	8.468633	5.783825	7.255591
34	6.390241	2.4681		2.048982	7.649693	5.908083	6.756932
34	6.486161	3.113515	2.70805		8.656955	5.616771	7.863267
34	6.068426	2.433613	2.230014	7.867106	5.736572	6.829794
34	6.228511	2.63548		2.270062	8.167919	5.765191	7.130899
34	7.712444	3.583519	3.031582	9.854822	5.710427	7.565275
34	7.083388	3.198673	2.901422	9.179881	5.736572	7.17012
34	6.936343	3.054001	2.734368	8.809863	5.63479		7.20786
34	7.331519	2.418589	2.298577	8.256088	6.580639	7.221105
34	6.182911	2.704042	2.440606	8.209036	5.433722	6.913737
34	6.663133	3.118392	2.833213	8.75621		5.525453	6.907755
35	5.003946	2.867899	2.617396	8.160518	5.659482	6.327937
35	6.508769	2.723924	2.367436	8.438799	5.805135	7.049255
35	7.488853	3.456317	2.970414	9.684461	5.641907	8.238008
35	6.175243	2.301585	2.076938	7.491088	5.913503	6.60665
35	6.182911	2.162173	1.876407	7.438972	5.942799	7.241366
35	6.753438	3.129389	2.872434	8.93564		5.429346	7.299797
35	7.223442	2.844909	2.564949	8.784468	6.059123	7.762171
35	7.606885	3.11795		2.797281	9.546813	6.075346	7.575585
35	6.486161	2.351375	2.119863	7.70391		5.831882	6.756932
35	6.950144	2.624669	2.442347	8.79255		6.016157	6.907755
35	6.285998	2.980619	2.667228	8.281471	5.337538	6.907755
35	6.613653	2.493205	2.261763	7.98956		6.063785	7.003065
35	6.451102	2.256541	1.974081	7.408531	5.991465	6.907755
35	7.167501	3.238678	2.864484	9.146335	5.521461	7.31322
35	6.257668	2.484907	2.163323	7.709757	5.872118	7.003065
35	7.16588		2.294553	2.179287	8.13564		6.431331	6.284134
35	6.270988	2.397895	2.022871	7.420579	6.086775	7.090077
35	7.424762	3.277145	2.95491		9.425452	5.897154	7.917536
35	6.613653	3.218876	2.800325	8.987197	5.908083	7.863267
35	7.167501	3.111291	2.851862	8.922658	5.783825	6.907755
35	6.662494	2.430098	2.171337	7.910591	6.180017	7.192934
35	7.167501	3.178054	2.879198	9.13777		5.828946	7.600902
35	4.574711	2.275214	2.028148	6.810142	5.129899	6.909753
35	6.562444	2.337952	2.124654	7.950855	5.934894	7.226936
35	6.228511	2.649715	2.342767	7.866339	5.537334	7.496652
36	7.40001		3.365916	2.977059	9.449436	5.613128	7.408531
36	6.636603	2.800933	2.557227	8.49597		5.961005	6.993933
36	7.306531	3.07084		2.783158	9.220291	6.063785	8.006368
36	5.187386	2.656757	2.292535	7.189922	5.164786	6.543912
36	8.067651	3.688879	3.243764	9.975808	5.828946	8.318742
36	6.455199	2.74084		2.530517	8.476371	5.669881	7.696213
36	7.813592	3.679334	3.31854		10.068451	5.568345	8.546752
36	7.002156	2.788708	2.564949	9.212737	6.309918	6.802395
36	7.379632	3.242592	3.095578	9.456419	5.905362	7.78904
36	6.415097	2.74084		2.272126	8.160518	5.669881	6.907755
36	7.221105	2.886475	2.558776	9.093807	6.098074	7.31322
36	8.009828	3.54818		3.289893	9.889997	5.739793	7.126891
36	7.201916	2.933857	2.617396	9.169518	6.086775	7.600902
36	7.26543		3.011606	2.507157	8.779557	6.109248	7.31322
37	6.613653	2.351375	2.208274	7.937375	6.232448	6.39693
37	6.43935		2.388763	2.054124	7.903227	6.156979	6.907755
37	7.938089	3.496508	3.169686	10.03012	5.950643	8.39841
37	6.270988	2.791165	2.360854	8.14526		5.680173	6.785588
37	6.182911	2.484907	2.219203	7.718685	5.768321	6.721426
37	8.182		3.558201	3.186353	10.320354	5.83773		7.45008
37	6.427297	2.285439	2.123458	7.675546	5.996452	6.49224
37	7.228824	3.293983	3.220475	9.252633	5.774552	7.81843
37	6.318968	2.21266		2.098018	7.40367		5.883322	6.056784
37	6.783325	2.500616	2.277267	8.227376	6.287859	6.60665
37	7.402452	3.062924	2.66026		9.215328	6.052089	8.29405
37	6.496775	2.646175	2.379546	8.2247		5.70711		6.55108
37	6.562444	2.70805		2.454447	8.232706	6.047372	7.20786
37	7.3068		2.747271	2.379546	8.817298	6.194405	7.402452
37	7.437795	3.114404	2.843164	9.341193	6.173786	7.423568
37	6.508173	2.674149	2.341806	8.177797	5.846439	7.026427
37	7.019297	2.99373		2.600465	8.979417	5.97381		8.106213
37	6.43935		2.358965	2.102914	7.752765	6.22059		6.768493
37	7.873522	3.210844	2.917771	9.519368	6.122493	7.49276
37	6.633318	2.74084		2.332144	8.318742	5.940171	6.887553
37	6.270988	2.424803	2.018895	7.489971	6.131226	6.300786
37	6.685861	2.667228	2.322388	8.242756	6.059123	7.353082
37	6.795706	2.370244	2.079442	8.085487	6.248043	7.383989
37	6.535677	3.123686	2.481568	8.524169	5.905362	8.335192
38	7.437795	2.884801	2.501436	8.876265	6.272877	7.600902
38	8.469682	3.835142	3.475067	10.548022	5.768321	9.03229
38	7.866339	2.944439	2.833213	9.723164	6.327937	7.824046
38	6.508173	2.912351	2.484907	8.281471	5.840642	6.536692
38	8.182		3.453157	3.122365	10.299239	6.135565	8.076826
38	6.496775	2.639057	2.379546	8.190354	5.379897	7.172425
38	6.508769	2.525729	2.397895	8.221479	5.743003	6.982863
38	7.201916	3.141995	2.85532		9.11603		5.857933	7.649693
38	8.095599	3.487375	3.122365	9.854875	5.981414	8.254789
38	7.843064	3.624341	3.549617	10.077987	5.823046	7.698483
38	6.690842	2.674149	2.424803	8.29405		5.929589	7.649693
38	6.677083	2.723924	2.496506	8.465689	5.556828	7.31055
38	6.677083	2.723924	2.560323	8.465689	5.556828	7.31055
38	7.428927	2.867899	2.61007		9.172535	6.054439	7.418181
38	7.234177	2.890372	2.74084		9.03217		5.869297	7.622664
38	6.519147	2.322388	2.169054	7.930206	6.272877	7.130899
38	6.921658	2.734368	2.282382	8.517193	6.139885	7.244228
38	6.016157	2.549445	2.196113	7.843064	5.831882	7.244228
38	6.562444	2.395164	2.043814	7.956827	6.118097	7.565793
38	7.083388	3.126761	2.674149	9.332558	6.173786	7.822044
38	7.76811		3.268047	2.979603	9.534885	6.016157	8.017637
38	6.497077	2.723924	2.230014	7.895436	5.910797	6.873164
39	7.872074	3.314186	3.044522	10.029239	6.159095	7.872074
39	6.795706	2.449279	2.173615	8.190632	6.238325	7.12206
39	5.899897	2.549445	2.302585	7.857481	5.749393	7.095893
39	6.451102	2.674149	2.384165	8.035926	5.739793	6.55108
39	7.599401	2.995732	2.66026		9.546813	6.152733	7.824046
39	6.709304	2.282382	2.182675	8.070906	6.327937	6.476972
39	6.43935		2.272126	2.111425	7.738488	6.109248	6.652863
39	8.182		3.511545	3.020425	10.29306	6.180017	8.125631
39	7.695303	2.76317		2.444952	9.189934	6.50129		6.584791
39	6.795706	2.341806	2.219203	8.233503	6.429719	6.990257
39	7.355641	2.927989	2.654649	8.924789	6.09357		7.645876
39	8.048788	3.582685	3.19171		10.216472	5.749393	8.216088
39	7.776535	2.927453	2.683074	9.299358	6.259581	7.408531
39	6.474354	2.475698	2.197225	7.787382	5.968708	6.448889
39	7.921898	3.218876	2.97553		9.433484	6.086775	8.283999
39	6.508322	2.484907	2.163323	7.816014	6.234411	7.783224
39	7.358194	2.687847	2.397895	8.527144	6.388561	7.965546
39	6.562444	2.493205	2.22029		7.979339	6.049733	6.966024
39	6.463029	2.361797	2.100469	7.839919	6.190315	6.684612
39	7.201916	3.168424	2.942331	9.112948	5.783825	7.853605
39	4.779123	2.215937	1.921325	6.738152	5.351858	6.338594
39	7.712265	3.054001	2.785011	9.332558	6.073045	7.600902
39	6.709304	2.302585	2.13771		7.944492	6.324359	6.745236
40	8.587763	3.457893	3.082827	10.336698	6.2186		7.614805
40	7.286192	3.048325	2.793004	9.048762	6.054439	8.070906
40	8.615408	3.637586	3.336837	10.388995	6.146329	8.879055
40	7.446585	2.85934		2.545531	8.817298	6.224558	7.783224
40	7.488853	3.353407	3.00072		9.615805	5.966147	7.740664
40	7.108244	2.706048	2.512846	8.791334	5.905362	6.859615
40	7.3068		2.99373		2.720637	8.979417	6.033086	8.019942
40	7.851661	2.867899	2.564949	9.351927	6.274762	7.78904
40	6.242223	2.639057	2.278292	7.955074	5.768321	7.090077
40	6.795706	2.537657	2.310553	8.370316	6.016157	7.492203
40	7.837554	2.927989	2.693275	9.444068	6.244167	7.36328
40	6.795706	2.406945	2.054124	8.14613		6.165418	7.31322
40	6.795706	2.332144	2.099244	8.116716	6.461468	7.130899
40	6.73578		2.397895	2.203869	7.917172	6.345636	7.358831
40	6.74876		2.649008	2.507157	8.399535	6.109248	7.160846
40	7.921971	3.025291	2.778819	9.850087	6.09357		7.62657
40	8.095599	3.688879	3.198673	10.340128	6.104793	8.29405
40	6.795706	2.395164	2.161022	8.138273	6.336826	7.160069
40	8.500657	3.407842	3.280535	10.365679	6.075346	7.646354
40	7.446585	2.525729	2.322388	8.763741	6.628041	7.496652
40	7.144407	2.71866		2.414126	8.759355	6.159095	8.038512
40	7.711997	3.295837	3.091042	9.820106	5.828946	8.4659
40	7.999679	3.49408		3.147165	10.142504	5.70711		7.540622
40	5.815026	2.394252	2.327278	7.909122	5.616771	7.286192
40	7.843064	2.803966	2.537657	9.355911	6.527958	8.636397
41	7.881182	3.091042	2.704711	9.583971	6.253829	7.824046
41	8.469934	3.73767		3.339322	10.714418	6.109248	8.709465
41	6.709304	2.484907	2.169054	8.08641		6.383507	7.549609
41	6.795706	2.358965	2.180417	7.985144	6.39693		6.639876
41	7.402452	2.797281	2.415914	8.999619	6.429719	7.783224
41	8.536407	4.007333	3.3485		10.714418	5.384495	7.003065
41	7.424762	2.529721	2.447551	8.895767	6.426488	7.644919
41	5.996452	2.500616	2.248129	7.824046	5.669881	7.377759
41	6.753438	2.385086	2.186051	7.878534	6.278521	7.426549
41	7.57661		2.842581	2.533697	9.050172	6.291569	7.090077
41	7.083388	2.351375	2.19277		8.49699		6.487684	6.684612
41	6.753438	2.397895	2.123458	8.091627	6.300786	6.946976
41	7.543803	2.517696	2.400619	9.082507	6.536692	6.856462
41	7.255591	2.803966	2.524928	9.001716	6.095825	7.393263
42	7.54009		2.525729	2.350422	8.734077	6.566672	7.20934
42	7.402086	2.535283	2.275214	8.70118		6.496775	6.710523
42	6.891626	2.60269		2.277267	8.565983	6.011267	6.327937
42	6.59619		2.302585	2.099244	7.777374	6.272877	6.856462
42	7.355641	2.709383	2.360854	8.570924	6.304449	7.31322
42	7.002156	2.472328	2.124654	8.218787	6.429719	7.408531
42	7.306531	2.569554	2.326302	8.761393	6.391917	7.326466
42	7.921971	2.99373		2.758109	9.55116		6.2186		7.669028
42	7.3068		3.074543	2.876386	9.760021	6.135565	7.565793
42	7.677864	3.578227	3.353407	10.407681	5.899897	8.30028
42	6.985179	2.246015	2.174752	7.926603	6.413459	7.17012
42	6.985179	3.010621	2.785011	9.276128	6.194405	7.783224
42	8.405591	3.465736	3.104138	10.305112	6.040255	8.166216
42	8.482188	3.437208	3.178054	10.336698	5.926926	8.376781
42	6.89467		2.459589	2.302585	8.468633	6.487684	6.584791
42	6.950048	2.815409	2.4681		8.797548	6.011267	7.090077
42	7.921971	2.936513	2.624669	9.4572		6.309918	7.575585
42	7.144407	2.683758	2.494857	8.719807	6.107023	6.866933
42	6.921658	2.302585	2.145931	8.070906	6.383507	7.110696
42	6.950144	2.442347	2.322388	8.271293	6.363028	7.654443
43	8.38845		3.448081	3.091042	10.341742	6.190315	8.4659
43	8.788136	3.763523	3.407842	11.066638	6.356108	8.794522
43	7.326466	2.833213	2.501436	8.888757	6.278521	7.684784
43	5.043425	2.488234	2.150599	7.370231	5.533389	7.134891
43	7.200425	2.449279	2.237513	8.634087	6.767343	7.582229
43	7.372746	2.646175	2.533697	9.195227	6.609349	7.396335
44	7.880804	3.45537		3.059176	9.755567	5.857933	7.661527
44	9.252633	3.763523	3.514526	11.099438	6.403574	8.769818
44	8.014336	2.618855	2.467252	9.15694		6.633318	8.482188
44	7.712444	2.745346	2.43799		8.89563		6.363028	7.600902
44	7.21524		2.667228	2.442347	8.779557	6.338594	8.019613
44	6.556778	1.974081	2.202765	7.901007	6.733402	6.413459
44	7.517521	2.498974	2.353278	8.941938	6.838405	7.705713
44	6.913737	2.525729	2.405142	8.314342	6.222576	6.913737
44	8.048788	2.753661	2.626117	9.364434	6.532334	7.482682
44	7.712265	2.725235	2.529721	9.359105	6.381816	7.644919
44	7.312687	2.232163	1.73871		8.368461	6.866933	4.382027
44	7.369727	2.525729	2.361797	8.860073	6.766192	6.956545
44	8.557951	3.600048	3.173878	10.523903	5.948035	8.656085
44	6.508322	2.475698	2.337952	8.15823		5.723585	7.134891
44	5.003946	2.395164	2.143589	7.125283	5.313206	6.584791
44	7.045428	2.701361	2.384165	8.599694	6.173786	7.279319
44	7.3068		2.525729	2.406945	8.567886	6.43615		8.44247
44	5.003946	2.404239	1.98238		7.17549		5.298317	6.617403
44	7.255591	2.424803	2.294553	8.188689	6.437752	7.438384
44	7.999679	3.060583	2.748552	9.672564	6.39693		7.720018
44	7.606885	2.738903	2.471484	9.336092	6.238325	7.277939
44	6.913737	2.500616	2.288486	8.572628	6.527958	7.665285
44	7.695303	2.833213	2.580217	9.082507	6.35437		7.863267
44	6.920672	2.431857	2.318458	8.297544	6.410175	5.955837
44	7.255591	2.71866		2.414126	8.759355	6.159095	8.038512
45	7.518064	2.459589	2.35802		8.630879	6.584791	7.027315
45	7.019297	2.484907	2.177022	8.160518	6.363028	7.600902
45	6.390241	2.85647		2.481568	8.308938	5.823046	7.254885
45	8.559486	3.454738	3.330059	10.497919	6.473891	8.687779
45	7.355641	2.390596	2.152924	8.678461	6.519147	7.483244
45	3.401197	2.388763	1.84055		6.175867	5.003946	5.996452
45	7.154615	2.519308	2.469793	8.549467	6.697034	7.007601
45	5.358471	2.322388	2.091864	7.340836	5.823046	7.407318
45	5.003946	2.399712	1.913977	7.215975	5.484797	7.185387
45	7.989899	3.493473	3.109061	9.901385	5.891644	7.185387
45	7.537963	2.747271	2.4681		8.979417	6.304449	7.082549
45	7.331715	2.674149	2.370244	8.560253	6.633318	7.600902
45	8.048788	3.380314	3.188417	9.931929	6.086775	8.070906
46	7.714231	2.406945	2.452728	9.275191	6.908755	7.383368
46	4.204693	2.370244	1.88707		6.489205	5.170484	6.327937
46	9.740498	4.249923	3.89995		11.997731	6.55108		9.300455
47	5.815026	2.683758	2.223542	7.746301	5.4161		7.132498
47	7.832014	2.615204	2.504709	9.222269	6.821107	7.772332
47	6.614726	2.901422	2.517696	8.612503	5.55296		6.802395
47	8.515592	3.539219	3.214466	10.499215	6.327937	8.830543
47	8.300032	3.558201	3.206803	10.068451	5.955837	6.902743
47	7.677864	2.475698	2.492379	8.902183	6.871091	5.913503
47	4.812184	2.433613	2.04122		6.835185	5.209486	6.598509
48	7.640123	2.472328	2.443216	8.78722		6.872128	7.680176
48	8.615046	3.505557	3.271848	9.112728	5.968708	7.374629
48	7.775276	2.310553	2.306577	8.594154	6.922644	6.522093
48	9.574983	3.566712	3.496508	11.425459	6.920672	8.546752
48	8.764053	2.900872	2.797891	9.86058		6.889591	7.249926
48	6.709304	2.837323	2.569554	8.515191	5.908083	7.280008
48	8.468423	3.065725	2.870736	9.952278	6.802395	7.68708
48	7.937375	2.427454	2.609334	8.86785		6.862758	7.041412
48	8.688117	3.352007	3.262318	10.400772	6.35437		7.845416
49	8.870663	3.555348	3.344627	10.771155	6.669498	7.689829
49	7.824046	2.449279	2.471484	9.046762	6.837333	7.645876
49	6.227722	2.624669	2.261763	8.063063	5.926926	7.683404
49	7.489133	2.91723		2.580974	9.336092	6.228511	7.78904
49	7.778211	2.477378	2.437116	9.143132	7.007601	7.30317
49	6.390241	2.503892	2.278292	8.028781	6.133398	7.385231
49	7.724005	2.80699		2.573375	9.092795	6.175867	6.97073
49	4.718499	2.375836	1.925707	6.677083	5.220356	6.609349
49	5.068904	2.397895	2.066863	7.005789	5.214936	6.742881
49	7.661056	3.383033	2.953868	9.741557	5.937536	8.430981
49	8.686092	2.970414	2.995732	10.123627	6.769642	7.167038
50	9.223691	3.822536	3.566994	11.167049	6.408529	9.069928
50	6.613653	3.081451	2.693275	8.719807	5.726848	7.696213
50	9.047351	3.89995		3.411148	11.021902	5.948035	7.645876
51	8.18228		3.347093	3.123686	9.893437	6.109248	7.993282
51	6.102559	2.873		2.549445	8.196712	5.549076	7.326466
51	8.836374	2.451005	3.034953	9.560081	7.332369	7.478735
51	8.741935	3.578227	3.471345	10.79002	6.228511	8.483636
51	7.620705	2.420368	2.436241	8.626765	6.856462	7.557473
52	5.814131	2.621039	2.157559	7.901007	5.598422	7.090077
52	10.373491	3.520461	3.414443	11.310136	6.912743	8.440312
52	8.032685	2.478218	2.404239	9.282661	6.997596	7.779049
52	6.708084	2.978586	2.640485	8.720134	5.886104	7.522941
52	9.415727	3.770459	3.634951	11.342671	6.352629	9.053102
52	8.35538	2.564949	2.704042	9.517825	7.015712	8.076826
52	7.103322	2.501436	2.312535	8.089482	6.586172	7.244228
52	8.237479	2.4681		2.60269		9.571714	6.997596	6.967909
52	9.72675		3.511545	3.597312	11.127263	6.851185	8.764053
53	8.530583	3.584352	3.422959	10.456251	6.001415	8.101678
53	7.999679	2.261763	2.430098	8.710949	7.04316		7.244228
53	7.948738	3.45537		3.106379	9.755567	6.028279	7.31854
53	5.144583	2.388763	2.054124	7.146772	5.613128	7.063048
53	8.824678	2.468947	2.805782	9.667765	7.237059	7.787382
53	5.358942	2.424803	2.272126	7.822044	5.948035	7.937375
53	7.948738	3.478158	3.104587	9.798127	5.703782	7.824046
53	7.600902	2.397895	2.315501	8.709465	6.966024	7.901007
53	7.913887	2.596746	2.555676	9.315871	6.423247	7.277939
54	9.323669	2.125848	2.507157	9.315871	6.945051	8.078688
54	8.34284		2.265921	2.616666	9.298443	7.095893	7.622664
54	5.697093	2.322388	2.174752	7.569412	6.025866	7.094235
54	6.556778	2.317474	2.307573	8.124151	6.476972	7.31322
54	10.331627	3.921577	3.854394	11.975086	6.803505	9.329456
54	9.479451	2.360854	2.785011	10.029239	7.802209	7.160069
54	9.27912		2.76317		2.850707	9.876784	6.905753	7.311218
54	8.876265	1.899118	2.81481		9.55116		7.771489	7.128496
54	5.697093	2.549445	2.272126	7.809135	5.451038	6.563856
54	10.596635	4.032469	3.871201	12.3075		6.946976	9.90947
54	10.69494	3.933784	3.901973	12.144197	6.690842	9.437476
55	8.65382		2.197225	2.528924	9.071078	7.280697	6.529419
55	5.303305	2.408745	2.172476	7.426549	5.733341	6.99851
55	6.556778	2.391511	2.193886	8.216088	6.55108		7.438384
55	9.268609	2.36556		3.017004	10.084475	7.709757	8.110728
55	8.8622		2.24071		2.731115	9.680344	7.661056	6.910751
55	8.824678	3.193763	2.715357	8.880307	6.745236	8.769818
55	9.680344	3.551053	3.496204	11.058842	6.81564		8.887653
55	8.068403	3.367296	3.15955		9.92378		6.173786	7.567863
55	5.303305	2.484907	2.261763	7.522941	5.42495		7.003065
55	8.764053	2.386007	2.810005	9.643421	7.662468	6.872128
56	9.006999	3.100543	3.131573	10.536035	6.922644	7.78904
56	9.190138	2.459589	3.072693	9.672564	7.868254	7.523481
56	9.506586	3.699077	3.394173	11.281989	6.431331	8.29455
56	4.779123	2.388763	2.104134	6.949856	5.446737	6.971669
56	8.875147	3.7612		3.363842	10.896739	5.940171	8.455318
56	7.783224	2.569554	2.463853	8.877242	6.838405	7.353082
56	10.12503	2.850707	3.38439		11.210942	7.709308	8.25894
56	8.090709	2.1471		2.332144	8.601534	6.982863	6.646391
56	8.131531	2.352327	2.693275	9.14249		7.034388	7.383989
56	8.606668	2.10657		2.710048	9.510445	7.771489	7.090077
56	7.355641	2.747271	2.631889	9.011889	6.152733	7.824046
56	6.860664	3.14974		2.624669	8.797851	5.545177	6.632002
56	8.727454	2.714032	2.745346	9.937889	7.003065	8.29405
56	9.084596	2.189416	2.854745	9.510445	7.452982	7.279319
56	8.237479	2.288486	2.555676	9.180603	7.004882	6.650279
56	9.223849	3.659965	3.532518	11.080048	6.347389	8.910586
57	10.322198	3.793239	3.841601	11.927119	6.917706	8.842171
57	5.442418	2.415914	2.151762	7.451822	5.783825	7.587311
57	9.386979	3.637586	3.499533	11.018629	6.65544		7.090077
57	9.308193	3.770459	3.666122	11.114386	6.228511	8.770284
57	9.63848		3.542118	3.659708	11.238489	6.684612	7.882315
57	8.26359		2.352327	2.64191		9.21034		7.085901	6.872128
58	8.051086	3.363149	3.135929	9.87817		6.09357		7.948032
58	4.310799	2.302585	1.987874	6.58755		5.303305	6.444131
58	6.104793	3.091042	2.433613	8.188689	5.402677	6.684612
58	7.677864	3.372455	3.096934	9.375261	5.849325	7.65112
58	9.569412	2.465554	2.95491		10.241031	7.78904		6.938284
59	4.89784		2.370244	1.974081	6.738152	5.501258	7.07327
59	9.447466	3.621671	3.580737	11.021902	6.514713	8.354674
59	8.090709	2.04122		2.665838	9.146228	7.305188	7.710653
59	9.745663	3.770459	3.835142	11.46426	6.431331	8.565031
59	8.032685	2.04122		2.6483		8.609772	7.189922	7.472501
59	7.643004	2.683074	2.525729	9.013595	6.142037	7.326466
59	6.016157	2.71668		2.388763	7.926603	5.556828	6.943122
59	8.648221	2.376764	2.888147	9.640628	7.064759	7.78904
59	6.664409	2.332144	2.379546	8.171882	6.484635	6.795706
59	8.904359	3.558201	3.299534	10.770798	6.070738	8.560253
59	9.449231	2.472328	3.157		10.360912	7.757906	7.122867
59	4.89784		2.276241	1.979621	6.956545	5.480639	7.012115
59	9.321703	3.407179	3.459781	10.871687	6.480045	8.519989
59	6.907755	2.379546	2.332144	8.259976	6.562444	7.279319
60	9.793673	3.600048	3.673766	11.379851	6.897705	8.440312
60	9.764225	3.493473	3.843744	11.461916	6.871091	8.285513
60	8.131531	3.401197	3.015535	9.956649	6.113682	7.817223
60	5.961005	2.442347	2.140066	7.746301	5.852202	7.515345
61	8.692826	3.391147	3.493473	10.292146	6.413459	8.29405
61	4.89784		2.367436	1.954445	7.063048	5.605802	7.251345
61	10.150348	3.600048	3.747148	11.650598	6.897705	8.7185
61	9.38463		2.492379	3.022861	9.960813	7.582229	7.824046
61	9.214332	3.349904	3.484312	10.766378	6.769642	8.155936
61	6.338594	2.727853	2.379546	8.292048	5.891644	7.800163
61	9.980449	3.321432	3.702042	11.337381	7.319202	7.718685
61	9.980449	2.995732	3.258097	10.714418	7.542744	8.514991
61	9.606428	3.582685	3.623007	11.065966	6.527958	8.111028
61	5.697093	2.484907	2.174752	7.620705	5.525453	6.945051
61	9.11603		3.591818	3.459466	10.680516	6.489205	9.10498
61	9.25875		2.561096	3.075005	9.672501	7.078342	7.720018
62	9.567119	2.78192		3.150597	10.318903	7.70886		8.482602
62	10.40305	3.599502	3.556205	11.281989	6.899723	8.909641
62	4.89784		2.21266		1.96851		6.993015	5.501258	7.21524
62	5.472271	2.395164	2.037317	7.432484	5.799093	7.565275
62	5.267858	2.408745	2.091864	7.17012		5.303305	6.522093
62	9.571645	3.397858	3.688879	11.127851	6.865891	8.24223
62	7.992945	2.66026		2.74084		9.303557	6.383507	8.370548
62	9.202308	3.095578	3.147165	10.52393	6.889591	7.432484
62	4.310799	2.081938	1.756132	6.44572		5.438079	6.907755
62	9.16157		3.240637	3.420346	10.545341	6.768493	7.106606
62	7.443078	3.11795		2.960105	9.287301	6.035481	6.927558
62	8.140316	3.512441	3.174715	10.211524	5.905362	7.418181
62	10.391822	3.797734	3.8795		11.894849	6.840547	8.744329
63	8.344267	3.374169	3.169686	10.085809	6.075346	7.718685
63	7.179308	2.251292	2.351375	8.411833	6.646391	7.484369
63	7.731931	2.388763	2.151762	8.75621		6.704414	6.60665
63	6.971669	2.985177	2.533697	8.791334	5.78996		7.01661
63	6.907755	2.348514	2.33602		8.36637		6.6995		7.122867
63	9.11581		3.688879	3.478158	10.839581	6.240276	7.524021
63	10.422281	3.8865		3.788725	11.874836	6.823286	9.198268
63	6.971669	2.479894	2.486572	8.565983	6.347389	7.857094
63	7.234177	2.975019	2.727853	8.955448	6.214608	7.853605
64	6.135565	2.517696	2.296567	7.988882	5.988961	7.587311
64	5.411646	2.388763	2.151762	7.398174	5.669881	6.93537
64	7.816014	2.673459	2.810005	9.126959	6.715383	7.770645
64	7.896553	2.580217	2.553344	9.007612	6.747587	7.662938
64	5.267858	2.121063	1.960095	7.090077	5.828946	7.408531
64	8.425078	3.465736	3.269569	10.106428	6.150603	8.075583
64	9.90748		2.276241	3.109061	10.722386	7.755767	8.456806
64	8.449343	3.376221	3.181382	10.013059	6.040255	7.013915
65	5.409411	2.517696	2.079442	7.50329		5.493061	6.388561
65	5.961005	2.701361	2.388763	8.004032	5.669881	7.035269
65	10.708713	4.165114	4.056989	12.429216	6.60665		8.517193
65	6.327937	2.525729	2.406945	8.125335	6.169611	7.921173
65	9.091557	2.596001	2.961658	10.244343	6.945051	8.216088
65	4.779123	2.140066	1.88707		6.733402	5.42495		6.684612
65	6.879356	2.986187	2.758109	8.642944	5.823046	7.509335
65	8.188689	2.791165	2.841998	9.472705	6.759255	8.116716
65	5.003946	2.385086	2.079442	7.17012		5.398163	7.137278
65	5.053056	2.451005	2.208274	7.649693	5.805135	7.735433
65	5.393628	2.475698	2.246015	7.340836	5.594711	6.967909
65	6.051618	2.442347	2.174752	7.785305	5.955837	7.65112
65	8.939056	3.374169	3.169686	10.165852	6.234411	7.696213
65	8.586719	2.467252	2.642622	9.854822	7.013915	8.208219
65	4.718499	2.21266		1.960095	6.882437	5.433722	7.20786
66	10.165852	2.829678	3.488598	11.253001	8.076826	8.476371
66	8.425955	3.393837	3.375196	10.434674	5.996452	8.400659
66	6.338594	2.484907	2.332144	8.03041		6.120297	7.630461
66	9.745663	3.879913	3.730261	11.555027	6.338594	9.051345
66	9.118225	3.04357		3.192942	10.299273	6.841615	8.703673
66	6.104793	2.501436	2.397895	7.957877	6.049733	7.731931
66	6.921658	2.740195	2.490723	8.642944	5.968708	7.853605
66	6.338594	2.744061	2.43449		8.253748	5.783825	7.98956
66	7.766417	2.383243	2.578701	8.719807	6.776507	7.828835
67	6.971669	2.500616	2.539237	8.787526	6.113682	5.905362
67	4.89784		2.379546	2.116256	7.033506	5.549076	7.275865
67	6.068426	2.414126	2.361797	7.908755	6.165418	7.742836
67	9.119102	3.501043	3.510351	10.668955	6.304449	7.68156
67	9.35876		3.346389	3.38439		10.879367	6.831954	8.40021
67	10.519754	3.76584		3.972554	11.995352	6.756932	8.980927
67	9.299669	2.354228	3.020425	9.680344	7.858641	6.586172
67	10.268131	3.811761	4.044804	11.975149	6.872128	9.084777
67	8.049427	3.353407	2.985682	9.889946	5.673323	7.72312
67	7.218177	2.415914	2.332144	8.559294	6.633318	7.707063
67	9.323669	3.348851	3.593744	10.912995	6.810142	7.672292
67	8.977146	3.221672	3.388112	10.379722	6.736967	7.524021
67	5.535364	2.459589	2.163323	7.438384	5.627621	6.897705
68	9.874265	3.555348	3.653252	11.374697	6.779922	8.987197
68	7.473069	2.667228	2.587764	8.589514	6.475433	7.813592
68	5.358471	2.322388	2.091864	7.340836	5.823046	7.407318
68	5.003946	2.312535	1.960095	6.971669	5.484797	6.907755
68	11.091331	4.217741	4.324662	12.762283	6.823286	8.705
68	7.766417	2.452728	2.457021	8.696677	6.747587	7.451242
68	7.32449		2.251292	2.509599	8.569786	6.593045	7.377759
69	9.250138	2.360854	2.791165	9.784141	7.67601		6.907755
69	7.327781	2.674149	2.656757	8.824678	6.214608	8.02027
69	9.059517	2.04122		2.631889	9.336092	7.078342	8.623353
69	7.019297	3.042616	2.567254	8.839711	5.765191	7.174724
69	6.828712	2.565718	2.35802		8.314342	6.261492	7.610853
69	6.992096	2.969902	2.672078	8.648221	5.899897	6.946976
69	6.135565	2.60269		2.406945	8.026824	6.09357		7.793999
69	11.289782	4.087656	4.255613	12.808036	6.876265	9.251866
69	9.591786	3.413455	3.572626	11.073024	6.634633	8.251925
69	11.01666	3.242592	4.128746	12.128462	7.897668	8.79179
70	10.140534	2.656757	2.821379	9.536041	7.816014	6.866933
70	7.600902	2.557227	2.624669	8.794825	6.633318	7.349231
70	9.585346	1.967112	2.757475	9.148465	7.724888	7.003065
70	4.718499	2.322388	1.931521	6.617403	5.356586	6.884487
70	10.470845	3.539509	3.694613	11.715866	7.67601		8.993427
70	6.709304	2.727853	2.379546	8.384119	6.021023	7.772332
70	6.36647		2.785011	2.70805		8.419801	5.587249	7.383989
70	5.409411	2.341806	2.079442	7.31854		5.877736	7.321189
70	8.531096	3.356897	3.122365	10.1849		6.291569	7.705262
71	6.950815	2.655352	2.60417		8.451694	6.265301	7.907652
71	9.873028	2.63548		3.104587	10.496814	8.012681	7.17012
71	5.780744	2.370244	2.174752	7.528332	6.276643	7.765145
71	6.921658	2.639057	2.501436	8.559486	6.077642	7.817223
71	7.05445		2.944439	2.721295	8.779557	5.883322	7.473069
71	4.89784		2.302585	2.066863	7.013016	5.429346	7.008505
71	10.653204	3.921973	3.841386	12.043554	6.652863	8.809863
71	8.673171	2.064328	2.881443	9.190648	7.452982	7.860571
71	6.135565	2.451005	2.351375	7.907284	6.113682	7.844633
71	6.390241	2.800933	2.530517	8.257126	5.739793	7.20934
72	7.145196	2.809403	2.587764	8.642944	6.244167	8.159089
72	9.190138	2.639057	2.931194	9.78132		7.757906	6.44572
72	5.053695	2.384165	2.032088	7.198931	5.752573	7.008505
72	5.56452		2.517696	2.356126	8.063063	6.013715	7.473637
72	8.914626	2.78192		2.81481		10.218189	6.949856	8.037866
72	10.981897	3.92019		4.016383	12.466319	6.811244	8.91099
72	8.889033	2.863914	2.788708	9.975808	6.582025	6.907755
72	7.019297	2.727853	2.714695	8.642944	6.033086	7.549609
72	9.903488	2.568788	2.966818	10.142544	7.899524	8.440528
72	11.0021		3.857567	3.913023	12.323776	6.80017		9.175024
73	7.769801	2.209373	2.508786	8.853665	6.927558	7.600902
73	8.836374	2.162173	2.823163	9.648595	7.373374	7.181592
73	8.29405		2.095561	2.686486	9.323044	7.471363	7.817223
74	9.891415	2.841998	3.058237	10.584056	7.67601		8.188689
74	7.66669		2.24071		2.415914	8.956093	6.907755	6.320768
74	9.409191	2.631889	2.815409	10.184523	7.67601		7.237059
74	8.911934	3.041184	2.788093	10.078743	6.726233	8.217708
74	9.21034		2.246015	2.675527	9.445571	7.67601		6.829794
74	5.537334	2.572612	2.230014	7.620705	5.556828	7.167809
74	7.487734	3.125005	2.873		9.24831		5.863631	7.435438
74	8.39163		2.261763	2.660959	9.392662	7.093405	6.476972
74	8.344267	3.374169	3.190476	10.043249	6.291569	7.766417
75	6.327937	2.646175	2.484907	8.245384	6.063785	8.132119
75	7.495542	1.906575	2.201659	8.335671	7.049255	5.31812
75	6.054439	2.833213	2.486572	8.160518	5.393628	5.991465
75	7.420579	3.344274	3.201933	9.889946	6.077642	7.646354
75	9.743319	3.532226	3.594019	10.858999	6.709304	6.907755
75	5.697093	2.472328	2.162173	7.636752	5.888878	7.029088
76	8.571681	2.809403	2.913437	9.912695	6.779922	8.543251
76	4.89784		2.275214	1.961502	6.866933	5.393628	7.600902
76	8.876265	2.10657		2.794228	9.588777	7.816014	6.727432
76	10.733261	3.87245		4.086648	12.196022	6.829794	8.433812
76	7.377759	2.388763	2.397895	8.68186		6.80017		7.473069
76	8.853665	1.99061		2.72458		9.355739	6.916715	6.60665
77	11.163992	3.360375	4.185099	12.100712	7.837554	8.779557
77	8.673171	2.064328	2.882004	9.525151	7.438384	7.860571
77	8.29405		2.263844	2.701361	9.219994	7.056175	6.253829
77	4.779123	2.367436	1.981001	6.960348	5.451038	7.069874
77	9.346967	3.251537	3.280159	10.404263	6.633318	6.907755
77	4.406719	2.302585	1.987874	6.629363	5.31812		6.645091
77	5.590987	2.451005	2.186051	7.47817		5.7301		7.275865
77	8.673171	2.064328	2.881443	9.523251	7.452982	6.033086
78	8.699515	2.97604		3.037354	9.857234	6.725034	8.777401
78	6.226537	2.560323	2.487404	8.055475	5.97381		7.707962
78	6.828712	2.70805		2.476538	8.404696	6.304449	8.132119
78	10.596635	3.781687	3.842887	11.918391	6.50279		8.785692
78	4.424847	2.337952	1.951608	6.629363	5.308268	6.765039
78	8.86135		1.967112	2.772589	9.798127	7.501082	6.659294
78	5.590987	2.463853	2.129421	7.451822	5.739793	7.396949
78	7.201916	2.646175	2.553344	8.642944	6.347389	8.426612
78	5.411646	2.301585	2.134166	7.340836	5.666427	7.344719
78	9.4572		2.436241	2.837323	9.967354	7.570959	6.926577
78	7.992945	2.61374		2.768204	9.27416		6.770789	8.289791
79	5.003946	2.367436	2.030776	7.128496	5.641907	7.195937
79	7.992945	2.732418	2.66026		9.295233	6.820016	8.538172
79	9.118225	3.166319	3.229618	10.339644	6.820016	8.921991
79	5.003946	2.449279	2.028148	7.106606	5.484797	7.190676
79	9.747301	2.484907	2.928524	9.686575	7.824046	8.216088
80	7.201916	2.76317		2.665143	8.794825	6.190315	7.062192
80	6.338594	2.744061	2.43449		8.253748	5.783825	6.464588
80	7.484369	2.40243		2.37862		8.724207	6.810142	7.108244
81	10.553727	3.862202	3.88177		11.820998	6.760415	8.656781
81	7.467371	3.127199	3.07223		9.375261	5.97381		7.436617
82	6.614726	2.846652	2.698673	8.612503	5.641907	7.154615
82	9.21034		2.344686	2.803966	9.98838		7.67601		8.440312
82	9.319374	3.271089	3.351657	10.611449	6.656727	7.813187
82	10.373491	3.63627		3.856933	11.555266	6.760415	8.476371
82	8.183118	3.42198		3.260402	10.00288	6.161207	7.342779
83	7.712891	2.984671	2.995732	9.169518	6.214608	7.974877
